100
0 3 29 89 25 62 28 65 
1 3 15 28 12 80 19 94 
2 5 24 74 17 31 12 73 19 16 21 11 
3 5 26 64 23 87 12 3 11 97 22 78 
4 3 27 58 18 7 10 66 
5 3 20 76 14 46 29 67 
6 3 16 10 13 49 15 87 
7 3 13 22 26 57 27 69 
8 5 20 18 13 11 15 50 12 58 27 5 
9 4 23 50 14 100 12 4 10 38 
10 5 47 24 35 61 46 82 39 66 31 56 
11 4 68 99 48 16 49 89 67 10 
12 3 32 47 41 84 67 86 
13 3 64 90 62 11 55 7 
14 5 51 82 42 61 61 51 45 31 40 6 
15 4 58 88 69 23 62 42 30 10 
16 4 56 99 66 6 45 46 50 100 
17 5 36 35 33 32 68 92 40 68 52 93 
18 3 34 50 54 72 49 46 
19 5 63 41 38 30 46 64 57 42 54 70 
20 5 59 20 60 81 43 51 66 70 51 86 
21 5 44 72 53 66 62 20 55 23 61 99 
22 4 37 43 65 100 40 19 34 63 
23 3 59 86 43 40 40 2 
24 3 46 47 39 52 41 53 
25 3 67 28 65 65 51 47 
26 3 40 22 55 98 30 56 
27 4 66 19 67 79 45 51 47 52 
28 5 55 50 56 97 30 11 50 18 39 76 
29 3 60 75 33 34 37 49 
30 3 99 4 88 56 93 56 
31 4 70 6 83 50 78 32 84 10 
32 3 91 50 81 24 88 93 
33 4 73 78 76 89 84 47 98 44 
34 3 86 51 75 24 76 9 
35 5 89 89 74 5 87 17 98 68 92 69 
36 5 90 56 77 74 89 72 72 73 78 18 
37 4 71 17 97 73 86 94 79 87 
38 4 85 26 82 70 81 48 86 19 
39 3 94 42 80 31 86 57 
40 4 95 89 96 69 83 57 93 79 
41 4 78 8 92 55 90 52 91 27 
42 3 74 36 77 74 95 95 
43 5 94 57 77 90 88 54 97 75 72 98 
44 4 98 53 85 61 75 79 77 88 
45 4 98 66 74 35 81 44 89 19 
46 4 71 75 95 31 86 5 75 94 
47 3 77 91 98 88 83 9 
48 4 75 46 91 23 73 25 72 99 
49 4 96 52 83 77 92 94 79 49 
50 5 79 65 92 65 97 22 84 1 71 62 
51 3 82 75 90 58 77 26 
52 4 83 60 93 77 84 58 94 19 
53 5 95 68 98 37 81 84 72 42 86 27 
54 5 87 89 96 20 84 39 89 33 95 24 
55 5 85 17 91 4 93 41 79 32 80 15 
56 3 70 3 83 55 71 70 
57 5 74 30 71 53 70 36 81 20 88 6 
58 3 73 22 80 89 94 21 
59 3 86 11 93 17 72 16 
60 5 78 70 89 80 82 34 70 24 85 62 
61 3 78 43 82 87 97 32 
62 3 91 12 79 8 73 7 
63 3 75 20 82 39 84 41 
64 5 85 11 77 59 75 41 73 82 71 97 
65 3 75 32 87 96 84 19 
66 4 88 30 85 62 77 2 97 59 
67 4 97 45 83 46 89 46 74 10 
68 4 74 96 84 66 83 36 73 75 
69 5 98 90 84 77 99 34 91 81 70 53 
70 5 78 48 84 23 83 82 73 29 6 84 
71 3 70 31 95 89 73 83 
72 4 48 17 61 90 20 38 8 6 
73 3 40 78 45 29 55 93 
74 3 29 76 46 56 56 5 
75 4 29 27 20 78 66 94 59 20 
76 3 28 33 82 1 69 43 
77 3 62 84 83 8 63 92 
78 5 27 73 25 28 35 30 17 65 8 38 
79 5 74 84 53 95 24 82 26 60 81 49 
80 5 39 11 84 76 69 48 18 69 27 43 
81 5 52 71 34 35 39 100 42 30 92 69 
82 4 45 63 88 79 41 100 12 42 
83 3 51 4 37 79 72 38 
84 5 92 65 39 41 68 62 74 3 52 26 
85 3 81 19 65 46 15 80 
86 5 94 73 85 7 13 39 9 17 76 89 
87 5 13 85 33 30 75 26 97 37 51 53 
88 5 77 49 22 48 65 21 14 98 6 61 
89 3 43 67 83 83 28 52 
90 3 68 93 75 5 25 5 
91 4 50 2 68 2 5 58 30 7 
92 4 29 72 52 45 20 11 4 91 
93 3 23 26 87 52 76 98 
94 4 68 73 23 46 76 56 95 31 
95 3 49 88 33 80 93 66 
96 4 17 18 5 38 27 10 81 33 
97 4 68 36 81 19 54 2 90 31 
98 4 19 38 94 2 61 96 88 96 
99 4 34 61 36 52 30 42 40 58 
